200 100 20 20 5 0
230 100 20 20 5 1
260 100 20 20 5 0
290 100 20 20 5 0
320 100 20 20 5 0
350 100 20 20 5 0
380 100 20 20 5 3

200 130 20 20 5 0
230 130 20 20 6 0
260 130 20 20 6 0
290 130 20 20 6 2
320 130 20 20 6 0
350 130 20 20 6 0
380 130 20 20 5 0

200 160 20 20 5 7
230 160 20 20 6 0
260 160 20 20 4 0
290 160 20 20 4 5
320 160 20 20 4 0
350 160 20 20 6 0
380 160 20 20 5 0

200 190 20 20 5 0
230 190 20 20 6 4
260 190 20 20 4 0
290 190 20 20 4 0
320 190 20 20 4 0
350 190 20 20 6 0
380 190 20 20 5 6

200 220 20 20 5 0
230 220 20 20 6 9
260 220 20 20 6 0
290 220 20 20 6 0
320 220 20 20 6 10
350 220 20 20 6 0
380 220 20 20 5 0

200 250 20 20 5 0
230 250 20 20 5 0
260 250 20 20 5 8
290 250 20 20 5 0
320 250 20 20 5 0
350 250 20 20 5 0
380 250 20 20 5 0